[[   0    1]
 [   1    2]
 [   2    5]
 [   3    6]
 [   4    7]
 [   5    8]
 [   6    9]
 [   7   10]
 [   8   11]
 [   9   12]
 [  10   13]
 [  11   14]
 [  12   15]
 [  13   16]
 [  14   17]
 [  15   18]
 [  16   19]
 [  17   20]
 [  18   21]
 [  19   22]
 [  20   23]
 [  21   24]
 [  22   26]
 [  23   27]
 [  24   28]
 [  25   29]
 [  26   30]
 [  27   31]
 [  28   32]
 [  29   33]
 [  30   34]
 [  31   35]
 [  32   36]
 [  33   37]
 [  34   38]
 [  35   39]
 [  36   40]
 [  37   41]
 [  38   42]
 [  39   43]
 [  40   44]
 [  41   45]
 [  42   46]
 [  43   47]
 [  44   51]
 [  45   52]
 [  46   53]
 [  47   55]
 [  48   56]
 [  49   58]
 [  50   59]
 [  51   62]
 [  52   64]
 [  53   65]
 [  54   66]
 [  55   67]
 [  56   68]
 [  57   69]
 [  58   70]
 [  59   72]
 [  60   73]
 [  61   75]
 [  62   76]
 [  63   77]
 [  64   78]
 [  65   79]
 [  66   80]
 [  67   81]
 [  68   82]
 [  69   83]
 [  70   84]
 [  71   85]
 [  72   86]
 [  73   87]
 [  74   88]
 [  75   89]
 [  76   90]
 [  77   92]
 [  78   93]
 [  79   95]
 [  80   96]
 [  81   97]
 [  82   98]
 [  83   99]
 [  84  100]
 [  85  101]
 [  86  102]
 [  87  103]
 [  88  104]
 [  89  105]
 [  90  106]
 [  91  107]
 [  92  109]
 [  93  110]
 [  94  113]
 [  95  114]
 [  96  115]
 [  97  116]
 [  98  117]
 [  99  118]
 [ 100  119]
 [ 101  121]
 [ 102  123]
 [ 103  124]
 [ 104  125]
 [ 105  127]
 [ 106  128]
 [ 107  129]
 [ 108  130]
 [ 109  132]
 [ 110  133]
 [ 111  136]
 [ 112  137]
 [ 113  138]
 [ 114  140]
 [ 115  141]
 [ 116  142]
 [ 117  143]
 [ 118  144]
 [ 119  145]
 [ 120  147]
 [ 121  149]
 [ 122  150]
 [ 123  151]
 [ 124  152]
 [ 125  154]
 [ 126  155]
 [ 127  156]
 [ 128  157]
 [ 129  158]
 [ 130  159]
 [ 131  160]
 [ 132  162]
 [ 133  163]
 [ 134  165]
 [ 135  166]
 [ 136  167]
 [ 137  168]
 [ 138  170]
 [ 139  171]
 [ 140  172]
 [ 141  173]
 [ 142  175]
 [ 143  177]
 [ 144  178]
 [ 145  179]
 [ 146  180]
 [ 147  181]
 [ 148  182]
 [ 149  184]
 [ 150  185]
 [ 151  186]
 [ 152  187]
 [ 153  188]
 [ 154  189]
 [ 155  190]
 [ 156  191]
 [ 157  192]
 [ 158  193]
 [ 159  194]
 [ 160  198]
 [ 161  200]
 [ 162  201]
 [ 163  202]
 [ 164  203]
 [ 165  204]
 [ 166  205]
 [ 167  207]
 [ 168  208]
 [ 169  209]
 [ 170  210]
 [ 171  211]
 [ 172  212]
 [ 173  213]
 [ 174  215]
 [ 175  216]
 [ 176  217]
 [ 177  218]
 [ 178  219]
 [ 179  220]
 [ 180  222]
 [ 181  223]
 [ 182  224]
 [ 183  225]
 [ 184  227]
 [ 185  229]
 [ 186  230]
 [ 187  233]
 [ 188  235]
 [ 189  237]
 [ 190  238]
 [ 191  239]
 [ 192  241]
 [ 193  243]
 [ 194  244]
 [ 195  245]
 [ 196  246]
 [ 197  248]
 [ 198  249]
 [ 199  250]
 [ 200  252]
 [ 201  253]
 [ 202  255]
 [ 203  256]
 [ 204  257]
 [ 205  259]
 [ 206  262]
 [ 207  264]
 [ 208  267]
 [ 209  268]
 [ 210  269]
 [ 211  272]
 [ 212  273]
 [ 213  274]
 [ 214  275]
 [ 215  276]
 [ 216  277]
 [ 217  278]
 [ 218  279]
 [ 219  280]
 [ 220  281]
 [ 221  282]
 [ 222  283]
 [ 223  284]
 [ 224  287]
 [ 225  288]
 [ 226  289]
 [ 227  290]
 [ 228  291]
 [ 229  292]
 [ 230  293]
 [ 231  295]
 [ 232  296]
 [ 233  297]
 [ 234  298]
 [ 235  299]
 [ 236  300]
 [ 237  301]
 [ 238  303]
 [ 239  305]
 [ 240  307]
 [ 241  308]
 [ 242  309]
 [ 243  310]
 [ 244  311]
 [ 245  312]
 [ 246  313]
 [ 247  314]
 [ 248  315]
 [ 249  316]
 [ 250  317]
 [ 251  318]
 [ 252  321]
 [ 253  323]
 [ 254  325]
 [ 255  326]
 [ 256  327]
 [ 257  328]
 [ 258  329]
 [ 259  331]
 [ 260  332]
 [ 261  333]
 [ 262  335]
 [ 263  337]
 [ 264  338]
 [ 265  340]
 [ 266  341]
 [ 267  344]
 [ 268  345]
 [ 269  347]
 [ 270  349]
 [ 271  350]
 [ 272  351]
 [ 273  352]
 [ 274  353]
 [ 275  354]
 [ 276  355]
 [ 277  356]
 [ 278  357]
 [ 279  358]
 [ 280  360]
 [ 281  361]
 [ 282  362]
 [ 283  363]
 [ 284  364]
 [ 285  365]
 [ 286  367]
 [ 287  368]
 [ 288  370]
 [ 289  371]
 [ 290  373]
 [ 291  374]
 [ 292  377]
 [ 293  378]
 [ 294  379]
 [ 295  380]
 [ 296  381]
 [ 297  382]
 [ 298  383]
 [ 299  384]
 [ 300  385]
 [ 301  387]
 [ 302  388]
 [ 303  389]
 [ 304  390]
 [ 305  391]
 [ 306  392]
 [ 307  393]
 [ 308  394]
 [ 309  396]
 [ 310  397]
 [ 311  399]
 [ 312  400]
 [ 313  401]
 [ 314  402]
 [ 315  403]
 [ 316  404]
 [ 317  405]
 [ 318  406]
 [ 319  407]
 [ 320  408]
 [ 321  409]
 [ 322  410]
 [ 323  411]
 [ 324  414]
 [ 325  415]
 [ 326  416]
 [ 327  417]
 [ 328  418]
 [ 329  419]
 [ 330  420]
 [ 331  421]
 [ 332  422]
 [ 333  424]
 [ 334  426]
 [ 335  427]
 [ 336  428]
 [ 337  429]
 [ 338  431]
 [ 339  432]
 [ 340  434]
 [ 341  436]
 [ 342  437]
 [ 343  438]
 [ 344  439]
 [ 345  440]
 [ 346  441]
 [ 347  442]
 [ 348  443]
 [ 349  444]
 [ 350  445]
 [ 351  446]
 [ 352  448]
 [ 353  449]
 [ 354  450]
 [ 355  451]
 [ 356  452]
 [ 357  453]
 [ 358  454]
 [ 359  460]
 [ 360  461]
 [ 361  462]
 [ 362  465]
 [ 363  466]
 [ 364  467]
 [ 365  468]
 [ 366  469]
 [ 367  470]
 [ 368  471]
 [ 369  472]
 [ 370  474]
 [ 371  475]
 [ 372  477]
 [ 373  479]
 [ 374  480]
 [ 375  481]
 [ 376  483]
 [ 377  484]
 [ 378  487]
 [ 379  488]
 [ 380  489]
 [ 381  490]
 [ 382  491]
 [ 383  492]
 [ 384  493]
 [ 385  494]
 [ 386  495]
 [ 387  496]
 [ 388  497]
 [ 389  498]
 [ 390  499]
 [ 391  500]
 [ 392  501]
 [ 393  502]
 [ 394  503]
 [ 395  504]
 [ 396  505]
 [ 397  506]
 [ 398  507]
 [ 399  508]
 [ 400  509]
 [ 401  511]
 [ 402  512]
 [ 403  513]
 [ 404  514]
 [ 405  515]
 [ 406  516]
 [ 407  517]
 [ 408  518]
 [ 409  519]
 [ 410  521]
 [ 411  523]
 [ 412  524]
 [ 413  525]
 [ 414  527]
 [ 415  530]
 [ 416  532]
 [ 417  534]
 [ 418  535]
 [ 419  536]
 [ 420  537]
 [ 421  538]
 [ 422  539]
 [ 423  540]
 [ 424  541]
 [ 425  542]
 [ 426  543]
 [ 427  544]
 [ 428  547]
 [ 429  548]
 [ 430  549]
 [ 431  550]
 [ 432  551]
 [ 433  553]
 [ 434  554]
 [ 435  555]
 [ 436  556]
 [ 437  559]
 [ 438  560]
 [ 439  561]
 [ 440  562]
 [ 441  563]
 [ 442  564]
 [ 443  566]
 [ 444  567]
 [ 445  568]
 [ 446  570]
 [ 447  572]
 [ 448  573]
 [ 449  574]
 [ 450  575]
 [ 451  577]
 [ 452  578]
 [ 453  579]
 [ 454  580]
 [ 455  583]
 [ 456  584]
 [ 457  585]
 [ 458  587]
 [ 459  588]
 [ 460  589]
 [ 461  590]
 [ 462  591]
 [ 463  595]
 [ 464  596]
 [ 465  597]
 [ 466  598]
 [ 467  600]
 [ 468  601]
 [ 469  602]
 [ 470  603]
 [ 471  604]
 [ 472  605]
 [ 473  609]
 [ 474  610]
 [ 475  612]
 [ 476  613]
 [ 477  614]
 [ 478  615]
 [ 479  616]
 [ 480  617]
 [ 481  618]
 [ 482  619]
 [ 483  620]
 [ 484  621]
 [ 485  622]
 [ 486  623]
 [ 487  624]
 [ 488  625]
 [ 489  626]
 [ 490  628]
 [ 491  631]
 [ 492  632]
 [ 493  634]
 [ 494  635]
 [ 495  637]
 [ 496  640]
 [ 497  641]
 [ 498  642]
 [ 499  643]
 [ 500  644]
 [ 501  645]
 [ 502  646]
 [ 503  647]
 [ 504  648]
 [ 505  649]
 [ 506  650]
 [ 507  651]
 [ 508  652]
 [ 509  653]
 [ 510  654]
 [ 511  655]
 [ 512  657]
 [ 513  659]
 [ 514  660]
 [ 515  661]
 [ 516  662]
 [ 517  664]
 [ 518  666]
 [ 519  667]
 [ 520  668]
 [ 521  669]
 [ 522  670]
 [ 523  671]
 [ 524  674]
 [ 525  675]
 [ 526  676]
 [ 527  677]
 [ 528  679]
 [ 529  680]
 [ 530  681]
 [ 531  682]
 [ 532  683]
 [ 533  684]
 [ 534  685]
 [ 535  686]
 [ 536  687]
 [ 537  688]
 [ 538  689]
 [ 539  690]
 [ 540  691]
 [ 541  693]
 [ 542  694]
 [ 543  696]
 [ 544  699]
 [ 545  700]
 [ 546  701]
 [ 547  702]
 [ 548  703]
 [ 549  704]
 [ 550  705]
 [ 551  708]
 [ 552  709]
 [ 553  711]
 [ 554  712]
 [ 555  713]
 [ 556  714]
 [ 557  715]
 [ 558  716]
 [ 559  717]
 [ 560  718]
 [ 561  720]
 [ 562  721]
 [ 563  722]
 [ 564  725]
 [ 565  726]
 [ 566  727]
 [ 567  729]
 [ 568  730]
 [ 569  731]
 [ 570  732]
 [ 571  735]
 [ 572  736]
 [ 573  737]
 [ 574  738]
 [ 575  739]
 [ 576  740]
 [ 577  741]
 [ 578  743]
 [ 579  744]
 [ 580  745]
 [ 581  747]
 [ 582  749]
 [ 583  754]
 [ 584  755]
 [ 585  756]
 [ 586  757]
 [ 587  758]
 [ 588  760]
 [ 589  761]
 [ 590  762]
 [ 591  763]
 [ 592  764]
 [ 593  765]
 [ 594  766]
 [ 595  767]
 [ 596  768]
 [ 597  771]
 [ 598  772]
 [ 599  773]
 [ 600  774]
 [ 601  775]
 [ 602  776]
 [ 603  777]
 [ 604  778]
 [ 605  779]
 [ 606  780]
 [ 607  781]
 [ 608  782]
 [ 609  784]
 [ 610  786]
 [ 611  787]
 [ 612  788]
 [ 613  790]
 [ 614  791]
 [ 615  792]
 [ 616  793]
 [ 617  794]
 [ 618  796]
 [ 619  797]
 [ 620  798]
 [ 621  799]
 [ 622  800]
 [ 623  801]
 [ 624  802]
 [ 625  803]
 [ 626  804]
 [ 627  805]
 [ 628  806]
 [ 629  807]
 [ 630  808]
 [ 631  809]
 [ 632  810]
 [ 633  811]
 [ 634  812]
 [ 635  813]
 [ 636  814]
 [ 637  815]
 [ 638  816]
 [ 639  817]
 [ 640  818]
 [ 641  819]
 [ 642  820]
 [ 643  821]
 [ 644  822]
 [ 645  823]
 [ 646  824]
 [ 647  825]
 [ 648  826]
 [ 649  827]
 [ 650  828]
 [ 651  829]
 [ 652  830]
 [ 653  831]
 [ 654  833]
 [ 655  834]
 [ 656  835]
 [ 657  836]
 [ 658  837]
 [ 659  838]
 [ 660  839]
 [ 661  840]
 [ 662  841]
 [ 663  842]
 [ 664  843]
 [ 665  846]
 [ 666  847]
 [ 667  848]
 [ 668  849]
 [ 669  850]
 [ 670  851]
 [ 671  852]
 [ 672  854]
 [ 673  855]
 [ 674  856]
 [ 675  857]
 [ 676  858]
 [ 677  859]
 [ 678  860]
 [ 679  861]
 [ 680  862]
 [ 681  863]
 [ 682  864]
 [ 683  865]
 [ 684  868]
 [ 685  869]
 [ 686  870]
 [ 687  871]
 [ 688  872]
 [ 689  873]
 [ 690  874]
 [ 691  875]
 [ 692  876]
 [ 693  878]
 [ 694  879]
 [ 695  880]
 [ 696  881]
 [ 697  882]
 [ 698  883]
 [ 699  884]
 [ 700  885]
 [ 701  886]
 [ 702  887]
 [ 703  888]
 [ 704  889]
 [ 705  890]
 [ 706  891]
 [ 707  892]
 [ 708  893]
 [ 709  894]
 [ 710  895]
 [ 711  896]
 [ 712  897]
 [ 713  898]
 [ 714  899]
 [ 715  900]
 [ 716  901]
 [ 717  903]
 [ 718  904]
 [ 719  907]
 [ 720  908]
 [ 721  909]
 [ 722  910]
 [ 723  911]
 [ 724  912]
 [ 725  913]
 [ 726  914]
 [ 727  915]
 [ 728  916]
 [ 729  918]
 [ 730  919]
 [ 731  920]
 [ 732  921]
 [ 733  922]
 [ 734  925]
 [ 735  926]
 [ 736  927]
 [ 737  929]
 [ 738  930]
 [ 739  931]
 [ 740  932]
 [ 741  933]
 [ 742  934]
 [ 743  935]
 [ 744  936]
 [ 745  937]
 [ 746  938]
 [ 747  939]
 [ 748  940]
 [ 749  941]
 [ 750  942]
 [ 751  943]
 [ 752  944]
 [ 753  945]
 [ 754  946]
 [ 755  947]
 [ 756  949]
 [ 757  950]
 [ 758  951]
 [ 759  952]
 [ 760  953]
 [ 761  954]
 [ 762  955]
 [ 763  956]
 [ 764  958]
 [ 765  959]
 [ 766  960]
 [ 767  961]
 [ 768  962]
 [ 769  963]
 [ 770  964]
 [ 771  965]
 [ 772  966]
 [ 773  967]
 [ 774  968]
 [ 775  970]
 [ 776  971]
 [ 777  972]
 [ 778  973]
 [ 779  974]
 [ 780  975]
 [ 781  977]
 [ 782  978]
 [ 783  979]
 [ 784  980]
 [ 785  981]
 [ 786  982]
 [ 787  983]
 [ 788  984]
 [ 789  987]
 [ 790  988]
 [ 791  989]
 [ 792  990]
 [ 793  991]
 [ 794  992]
 [ 795  993]
 [ 796  994]
 [ 797  995]
 [ 798  996]
 [ 799  998]
 [ 800 1000]
 [ 801 1001]
 [ 802 1003]
 [ 803 1004]
 [ 804 1005]
 [ 805 1006]
 [ 806 1007]
 [ 807 1008]
 [ 808 1009]
 [ 809 1010]
 [ 810 1013]
 [ 811 1014]
 [ 812 1015]
 [ 813 1017]
 [ 814 1018]
 [ 815 1019]
 [ 816 1020]
 [ 817 1021]
 [ 818 1023]
 [ 819 1024]
 [ 820 1025]
 [ 821 1026]
 [ 822 1028]
 [ 823 1029]
 [ 824 1030]
 [ 825 1031]
 [ 826 1034]
 [ 827 1036]
 [ 828 1037]
 [ 829 1038]
 [ 830 1040]
 [ 831 1041]
 [ 832 1042]
 [ 833 1044]
 [ 834 1045]
 [ 835 1046]
 [ 836 1047]
 [ 837 1048]
 [ 838 1049]
 [ 839 1051]
 [ 840 1052]
 [ 841 1053]
 [ 842 1054]
 [ 843 1055]
 [ 844 1057]
 [ 845 1058]
 [ 846 1060]
 [ 847 1061]
 [ 848 1062]
 [ 849 1063]
 [ 850 1064]
 [ 851 1065]
 [ 852 1067]
 [ 853 1068]
 [ 854 1069]
 [ 855 1070]
 [ 856 1071]
 [ 857 1072]
 [ 858 1074]
 [ 859 1075]
 [ 860 1076]
 [ 861 1077]
 [ 862 1078]
 [ 863 1079]
 [ 864 1080]
 [ 865 1081]
 [ 866 1082]
 [ 867 1083]
 [ 868 1084]
 [ 869 1085]
 [ 870 1086]
 [ 871 1087]
 [ 872 1088]
 [ 873 1089]
 [ 874 1090]
 [ 875 1091]
 [ 876 1092]
 [ 877 1093]
 [ 878 1095]
 [ 879 1096]
 [ 880 1097]
 [ 881 1099]
 [ 882 1100]
 [ 883 1101]
 [ 884 1102]
 [ 885 1103]
 [ 886 1104]
 [ 887 1105]
 [ 888 1106]
 [ 889 1108]
 [ 890 1109]
 [ 891 1112]
 [ 892 1113]
 [ 893 1114]
 [ 894 1115]
 [ 895 1116]
 [ 896 1117]
 [ 897 1119]
 [ 898 1121]
 [ 899 1122]
 [ 900 1123]
 [ 901 1124]
 [ 902 1125]
 [ 903 1126]
 [ 904 1127]
 [ 905 1128]
 [ 906 1129]
 [ 907 1130]
 [ 908 1131]
 [ 909 1133]
 [ 910 1134]
 [ 911 1135]
 [ 912 1136]
 [ 913 1139]
 [ 914 1140]
 [ 915 1141]
 [ 916 1144]
 [ 917 1145]
 [ 918 1146]
 [ 919 1148]
 [ 920 1149]
 [ 921 1150]
 [ 922 1152]
 [ 923 1153]
 [ 924 1154]
 [ 925 1155]
 [ 926 1156]
 [ 927 1157]
 [ 928 1158]
 [ 929 1159]
 [ 930 1160]
 [ 931 1161]
 [ 932 1162]
 [ 933 1163]
 [ 934 1164]
 [ 935 1165]
 [ 936 1166]
 [ 937 1167]
 [ 938 1168]
 [ 939 1169]
 [ 940 1170]
 [ 941 1171]
 [ 942 1172]
 [ 943 1175]
 [ 944 1176]
 [ 945 1177]
 [ 946 1178]
 [ 947 1179]
 [ 948 1180]
 [ 949 1182]
 [ 950 1183]
 [ 951 1184]
 [ 952 1185]
 [ 953 1186]
 [ 954 1187]
 [ 955 1188]
 [ 956 1189]
 [ 957 1190]
 [ 958 1191]
 [ 959 1192]
 [ 960 1193]
 [ 961 1194]
 [ 962 1195]
 [ 963 1196]
 [ 964 1197]
 [ 965 1198]
 [ 966 1199]
 [ 967 1200]
 [ 968 1201]
 [ 969 1202]
 [ 970 1203]
 [ 971 1204]
 [ 972 1205]
 [ 973 1206]
 [ 974 1207]
 [ 975 1208]
 [ 976 1209]
 [ 977 1210]
 [ 978 1211]
 [ 979 1212]
 [ 980 1213]
 [ 981 1214]
 [ 982 1215]
 [ 983 1216]
 [ 984 1217]
 [ 985 1218]
 [ 986 1219]
 [ 987 1220]
 [ 988 1221]
 [ 989 1222]
 [ 990 1223]
 [ 991 1224]
 [ 992 1225]
 [ 993 1226]
 [ 994 1227]
 [ 995 1229]
 [ 996 1231]
 [ 997 1232]
 [ 998 1233]
 [ 999 1234]
 [1000 1236]
 [1001 1237]
 [1002 1238]
 [1003 1239]
 [1004 1240]
 [1005 1242]
 [1006 1244]
 [1007 1245]
 [1008 1246]
 [1009 1247]
 [1010 1249]
 [1011 1250]
 [1012 1251]
 [1013 1252]
 [1014 1253]
 [1015 1254]
 [1016 1255]
 [1017 1256]
 [1018 1257]
 [1019 1258]
 [1020 1259]
 [1021 1260]
 [1022 1261]
 [1023 1262]
 [1024 1263]
 [1025 1264]
 [1026 1265]
 [1027 1266]
 [1028 1267]
 [1029 1268]
 [1030 1269]
 [1031 1270]
 [1032 1271]
 [1033 1273]
 [1034 1274]
 [1035 1275]
 [1036 1276]
 [1037 1277]
 [1038 1278]
 [1039 1279]
 [1040 1280]
 [1041 1281]
 [1042 1282]
 [1043 1286]
 [1044 1287]
 [1045 1288]
 [1046 1289]
 [1047 1290]
 [1048 1291]
 [1049 1293]
 [1050 1295]
 [1051 1296]
 [1052 1297]
 [1053 1298]
 [1054 1300]
 [1055 1301]
 [1056 1302]
 [1057 1303]
 [1058 1304]
 [1059 1305]
 [1060 1306]
 [1061 1307]
 [1062 1308]
 [1063 1309]
 [1064 1310]
 [1065 1313]
 [1066 1314]
 [1067 1315]
 [1068 1316]
 [1069 1317]
 [1070 1318]
 [1071 1319]
 [1072 1320]
 [1073 1321]
 [1074 1322]
 [1075 1323]
 [1076 1325]
 [1077 1326]
 [1078 1328]
 [1079 1329]
 [1080 1330]
 [1081 1331]
 [1082 1332]
 [1083 1333]
 [1084 1334]
 [1085 1335]
 [1086 1336]
 [1087 1337]
 [1088 1338]
 [1089 1339]
 [1090 1340]
 [1091 1341]
 [1092 1342]
 [1093 1343]
 [1094 1344]
 [1095 1345]
 [1096 1346]
 [1097 1348]
 [1098 1349]
 [1099 1350]
 [1100 1351]
 [1101 1352]
 [1102 1353]
 [1103 1354]
 [1104 1355]
 [1105 1356]
 [1106 1357]
 [1107 1359]
 [1108 1360]
 [1109 1361]
 [1110 1362]
 [1111 1364]
 [1112 1365]
 [1113 1366]
 [1114 1367]
 [1115 1368]
 [1116 1369]
 [1117 1371]
 [1118 1372]
 [1119 1373]
 [1120 1374]
 [1121 1375]
 [1122 1377]
 [1123 1378]
 [1124 1379]
 [1125 1380]
 [1126 1381]
 [1127 1382]
 [1128 1383]
 [1129 1384]
 [1130 1385]
 [1131 1387]
 [1132 1388]
 [1133 1389]
 [1134 1390]
 [1135 1391]
 [1136 1392]
 [1137 1393]
 [1138 1394]
 [1139 1395]
 [1140 1396]
 [1141 1397]
 [1142 1398]
 [1143 1399]
 [1144 1401]
 [1145 1402]
 [1146 1403]
 [1147 1404]
 [1148 1405]
 [1149 1406]
 [1150 1407]
 [1151 1408]
 [1152 1409]
 [1153 1410]
 [1154 1411]
 [1155 1412]
 [1156 1413]
 [1157 1414]
 [1158 1415]
 [1159 1416]
 [1160 1417]
 [1161 1418]
 [1162 1419]
 [1163 1420]
 [1164 1421]
 [1165 1422]
 [1166 1423]
 [1167 1425]
 [1168 1426]
 [1169 1427]
 [1170 1428]
 [1171 1429]
 [1172 1430]
 [1173 1431]
 [1174 1432]
 [1175 1433]
 [1176 1434]
 [1177 1435]
 [1178 1436]
 [1179 1437]
 [1180 1438]
 [1181 1439]
 [1182 1440]
 [1183 1441]
 [1184 1442]
 [1185 1444]
 [1186 1445]
 [1187 1446]
 [1188 1447]
 [1189 1448]
 [1190 1449]
 [1191 1450]
 [1192 1451]
 [1193 1454]
 [1194 1455]
 [1195 1456]
 [1196 1457]
 [1197 1458]
 [1198 1459]
 [1199 1460]
 [1200 1461]
 [1201 1463]
 [1202 1467]
 [1203 1468]
 [1204 1469]
 [1205 1470]
 [1206 1471]
 [1207 1472]
 [1208 1473]
 [1209 1474]
 [1210 1475]
 [1211 1476]
 [1212 1477]
 [1213 1478]
 [1214 1479]
 [1215 1481]
 [1216 1482]
 [1217 1484]
 [1218 1485]
 [1219 1486]
 [1220 1487]
 [1221 1488]
 [1222 1489]
 [1223 1490]]